#Parameters = {H=1.6; IL=10.7; IW=0.2; L=37.93; LS=75.85; ML=14.31; MT=0.035; MW=2.5; W=28.61; WS=57.23; k=6.26}
#"Frequency / GHz"	"S1,1 [Magnitude / dB]"
#-----------------------------------------
2.0000000000000	-0.51113341709015
2.0039999485016	-0.50525803401301
2.0079998970032	-0.50167346476137
2.0120000839233	-0.50057285578634
2.0160000324249	-0.50209072054678
2.0199999809265	-0.50630130457634
2.0239999294281	-0.51321894986541
2.0280001163483	-0.52279712021499
2.0320000648499	-0.53493110849033
2.0360000133514	-0.54945737828182
2.0399999618530	-0.56616028875239
2.0439999103546	-0.58477407621181
2.0480000972748	-0.60498919770146
2.0520000457764	-0.62645704365539
2.0559999942780	-0.64880276953199
2.0599999427795	-0.67162752741953
2.0639998912811	-0.69452162361834
2.0680000782013	-0.71707595093177
2.0720000267029	-0.73889045759308
2.0759999752045	-0.75958525754608
2.0799999237061	-0.77881176470236
2.0840001106262	-0.79626803998020
2.0880000591278	-0.81169831640133
2.0920000076294	-0.82491297155757
2.0959999561310	-0.83578282103976
2.0999999046326	-0.84425337568665
2.1040000915527	-0.85034261515993
2.1080000400543	-0.85413787658915
2.1119999885559	-0.85579880257008
2.1159999370575	-0.85555243941056
2.1199998855591	-0.85368111585737
2.1240000724792	-0.85051714112878
2.1280000209808	-0.84643428660869
2.1319999694824	-0.84183955653447
2.1359999179840	-0.83715593484850
2.1400001049042	-0.83281875025576
2.1440000534058	-0.82925983185404
2.1480000019073	-0.82690254164886
2.1519999504089	-0.82614649914443
2.1559998989105	-0.82736798197937
2.1600000858307	-0.83090617052235
2.1640000343323	-0.83705705790772
2.1679999828339	-0.84606975071719
2.1719999313354	-0.85814763556203
2.1760001182556	-0.87343586224422
2.1800000667572	-0.89202441554484
2.1840000152588	-0.91394502058600
2.1879999637604	-0.93917549287985
2.1919999122620	-0.96763040332817
2.1960000991821	-0.99917862109841
2.2000000476837	-1.0336282072834
2.2039999961853	-1.0707447489054
2.2079999446869	-1.1102503653297
2.2119998931885	-1.1518306480999
2.2160000801086	-1.1951437016724
2.2200000286102	-1.2398283918784
2.2239999771118	-1.2855168889900
2.2279999256134	-1.3318440620394
2.2320001125336	-1.3784591058126
2.2360000610352	-1.4250415922872
2.2400000095367	-1.4713115917019
2.2439999580383	-1.5170422302577
2.2479999065399	-1.5620752586924
2.2520000934601	-1.6063272887142
2.2560000419617	-1.6497999089288
2.2599999904633	-1.6925898824854
2.2639999389648	-1.7348906438472
2.2679998874664	-1.7769948641996
2.2720000743866	-1.8192996150508
2.2760000228882	-1.8622965309405
2.2799999713898	-1.9065742068211
2.2839999198914	-1.9528088034739
2.2880001068115	-2.0017610927401
2.2920000553131	-2.0542650598202
2.2960000038147	-2.1112254639034
2.2999999523163	-2.1736059068791
2.3039999008179	-2.2424264129218
2.3080000877380	-2.3187589981272
2.3120000362396	-2.4037184807200
2.3159999847412	-2.4984677277010
2.3199999332428	-2.6042141097088
2.3239998817444	-2.7222118069354
2.3280000686646	-2.8537680871835
2.3320000171661	-3.0002476437065
2.3359999656677	-3.1630842686995
2.3399999141693	-3.3437940467989
2.3440001010895	-3.5439896846411
2.3480000495911	-3.7654055790758
2.3519999980927	-4.0099177455052
2.3559999465942	-4.2795807135076
2.3599998950958	-4.5766677682013
2.3640000820160	-4.9037196846677
2.3680000305176	-5.2636152663519
2.3719999790192	-5.6596498451320
2.3759999275208	-6.0956541411328
2.3800001144409	-6.5761324082373
2.3840000629425	-7.1064673061486
2.3880000114441	-7.6931915499352
2.3919999599457	-8.3443635639229
2.3959999084473	-9.0701164414823
2.4000000953674	-9.8834664119693
2.4040000438690	-10.801522177726
2.4079999923706	-11.847389585178
2.4119999408722	-13.053245926668
2.4159998893738	-14.465504398759
2.4200000762939	-16.153630987707
2.4240000247955	-18.224650232862
2.4279999732971	-20.837823322098
2.4319999217987	-24.120326846681
2.4360001087189	-27.119902247589
2.4400000572205	-26.137420414543
2.4440000057220	-22.752892080878
2.4479999542236	-19.794283267015
2.4519999027252	-17.476699745190
2.4560000896454	-15.627307492841
2.4600000381470	-14.108970945237
2.4639999866486	-12.832295489631
2.4679999351501	-11.738632987013
2.4719998836517	-10.788133962733
2.4760000705719	-9.9527064212508
2.4800000190735	-9.2118755881594
2.4839999675751	-8.5502836259555
2.4879999160767	-7.9561151322491
2.4920001029968	-7.4200827907767
2.4960000514984	-6.9347457354954
2.5000000000000	-6.4940389080209
2.5039999485016	-6.0929462354874
2.5079998970032	-5.7272569063535
2.5120000839233	-5.3933965748700
2.5160000324249	-5.0882943559043
2.5199999809265	-4.8092811195097
2.5239999294281	-4.5540123630849
2.5280001163483	-4.3204168755725
2.5320000648499	-4.1066339432640
2.5360000133514	-3.9109951578627
2.5399999618530	-3.7319757872297
2.5439999103546	-3.5681853679866
2.5480000972748	-3.4183391716700
2.5520000457764	-3.2812504061977
2.5559999942780	-3.1558106965339
2.5599999427795	-3.0409834545667
2.5639998912811	-2.9357987160299
2.5680000782013	-2.8393458522520
2.5720000267029	-2.7507687579257
2.5759999752045	-2.6692643083301
2.5799999237061	-2.5940824238746
2.5840001106262	-2.5245210674338
2.5880000591278	-2.4599276954027
2.5920000076294	-2.3997055093167
2.5959999561310	-2.3433024039586
2.5999999046326	-2.2902209270386
2.6040000915527	-2.2400176917943
2.6080000400543	-2.1922955409895
2.6119999885559	-2.1467128409439
2.6159999370575	-2.1029766292323
2.6199998855591	-2.0608454630919
2.6240000724792	-2.0201195541036
2.6280000209808	-1.9806488478063
2.6319999694824	-1.9423206142048
2.6359999179840	-1.9050615669497
2.6400001049042	-1.8688280190828
2.6440000534058	-1.8336054735062
2.6480000019073	-1.7994056682995
2.6519999504089	-1.7662553496282
2.6559998989105	-1.7341976260081
2.6600000858307	-1.7032841790320
2.6640000343323	-1.6735691952969
2.6679999828339	-1.6451133600010
2.6719999313354	-1.6179688861583
2.6760001182556	-1.5921828899597
2.6800000667572	-1.5677967751665
2.6840000152588	-1.5448363985959
2.6879999637604	-1.5233171767807
2.6919999122620	-1.5032391213104
2.6960000991821	-1.4845868613468
2.7000000476837	-1.4673330883386
2.7039999961853	-1.4514316271759
2.7079999446869	-1.4368208276132
2.7119998931885	-1.4234303761578
2.7160000801086	-1.4111757743215
2.7200000286102	-1.3999619895848
2.7239999771118	-1.3896860875266
2.7279999256134	-1.3802386942453
2.7320001125336	-1.3715081908698
2.7360000610352	-1.3633812871084
2.7400000095367	-1.3557446297515
2.7439999580383	-1.3484896331477
2.7479999065399	-1.3415142490475
2.7520000934601	-1.3347255101251
2.7560000419617	-1.3280354187134
2.7599999904633	-1.3213715396406
2.7639999389648	-1.3146732801156
2.7679998874664	-1.3078948632554
2.7720000743866	-1.3010021358509
2.7760000228882	-1.2939770234271
2.7799999713898	-1.2868141154551
2.7839999198914	-1.2795216494405
2.7880001068115	-1.2721198534210
2.7920000553131	-1.2646420524439
2.7960000038147	-1.2571289065968
2.7999999523163	-1.2496279210529
2.8039999008179	-1.2421946422025
2.8080000877380	-1.2348873951650
2.8120000362396	-1.2277667325743
2.8159999847412	-1.2208913159848
2.8199999332428	-1.2143187451863
2.8239998817444	-1.2081029227591
2.8280000686646	-1.2022911764477
2.8320000171661	-1.1969265558442
2.8359999656677	-1.1920378041372
2.8399999141693	-1.1876506355957
2.8440001010895	-1.1837761675287
2.8480000495911	-1.1804196948162
2.8519999980927	-1.1775731168429
2.8559999465942	-1.1752184055167
2.8599998950958	-1.1733292833567
2.8640000820160	-1.1718672605978
2.8680000305176	-1.1707917175577
2.8719999790192	-1.1700504032103
2.8759999275208	-1.1695881700352
2.8800001144409	-1.1693446068641
2.8840000629425	-1.1692568304224
2.8880000114441	-1.1692642460789
2.8919999599457	-1.1693026143426
2.8959999084473	-1.1693164348381
2.9000000953674	-1.1692494743062
2.9040000438690	-1.1690530634004
2.9079999923706	-1.1686866083786
2.9119999408722	-1.1681153934293
2.9159998893738	-1.1673154033754
2.9200000762939	-1.1662717194813
2.9240000247955	-1.1649786028628
2.9279999732971	-1.1634405874453
2.9319999217987	-1.1616706189366
2.9360001087189	-1.1596919438916
2.9400000572205	-1.1575391125880
2.9440000057220	-1.1552448584944
2.9479999542236	-1.1528573368600
2.9519999027252	-1.1504247813334
2.9560000896454	-1.1479993973843
2.9600000381470	-1.1456359170932
2.9639999866486	-1.1433869122820
2.9679999351501	-1.1413077098850
2.9719998836517	-1.1394459197386
2.9760000705719	-1.1378490042504
2.9800000190735	-1.1365560149967
2.9839999675751	-1.1356008807806
2.9879999160767	-1.1350099218026
2.9920001029968	-1.1348002768035
2.9960000514984	-1.1349796990056
3.0000000000000	-1.1355481603696
3.0039999485016	-1.1364973810588
3.0079998970032	-1.1378071038358
3.0120000839233	-1.1394515562209
3.0160000324249	-1.1413948425129
3.0199999809265	-1.1435974374175
3.0239999294281	-1.1460106544431
3.0280001163483	-1.1485819205237
3.0320000648499	-1.1512588409321
3.0360000133514	-1.1539836505254
3.0399999618530	-1.1566981896951
3.0439999103546	-1.1593476973254
3.0480000972748	-1.1618797427052
3.0520000457764	-1.1642451841882
3.0559999942780	-1.1664022833816
3.0599999427795	-1.1683143205801
3.0639998912811	-1.1699536377609
3.0680000782013	-1.1712990523578
3.0720000267029	-1.1723453614910
3.0759999752045	-1.1730887802567
3.0799999237061	-1.1735354180218
3.0840001106262	-1.1737098584756
3.0880000591278	-1.1736338432313
3.0920000076294	-1.1733454338783
3.0959999561310	-1.1728891331705
3.0999999046326	-1.1723092247520
3.1040000915527	-1.1716649882106
3.1080000400543	-1.1710084702329
3.1119999885559	-1.1704018831128
3.1159999370575	-1.1699053731693
3.1199998855591	-1.1695748170036
3.1240000724792	-1.1694682132390
3.1280000209808	-1.1696340450885
3.1319999694824	-1.1701224561915
3.1359999179840	-1.1709690887587
3.1400001049042	-1.1722052566429
3.1440000534058	-1.1738547584386
3.1480000019073	-1.1759327190168
3.1519999504089	-1.1784408006534
3.1559998989105	-1.1813729797618
3.1600000858307	-1.1847146058599
3.1640000343323	-1.1884393507552
3.1679999828339	-1.1925137565474
3.1719999313354	-1.1968964346219
3.1760001182556	-1.2015389527487
3.1800000667572	-1.2063859396156
3.1840000152588	-1.2113779786367
3.1879999637604	-1.2164556586429
3.1919999122620	-1.2215531922099
3.1960000991821	-1.2266107835776
3.2000000476837	-1.2315661900458
3.2039999961853	-1.2363648899485
3.2079999446869	-1.2409550716025
3.2119998931885	-1.2452944729458
3.2160000801086	-1.2493435334191
3.2200000286102	-1.2530770898224
3.2239999771118	-1.2564811879153
3.2279999256134	-1.2595461312411
3.2320001125336	-1.2622789543647
3.2360000610352	-1.2646952613232
3.2400000095367	-1.2668224921715
3.2439999580383	-1.2686992903699
3.2479999065399	-1.2703702305406
3.2520000934601	-1.2718909602951
3.2560000419617	-1.2733244192244
3.2599999904633	-1.2747357256002
3.2639999389648	-1.2762020375636
3.2679998874664	-1.2777908579506
3.2720000743866	-1.2795811286134
3.2760000228882	-1.2816445125063
3.2799999713898	-1.2840500049196
3.2839999198914	-1.2868638550422
3.2880001068115	-1.2901430672245
3.2920000553131	-1.2939415191839
3.2960000038147	-1.2982985117736
3.2999999523163	-1.3032428449531
3.3039999008179	-1.3088013064186
3.3080000877380	-1.3149777993727
3.3120000362396	-1.3217714731123
3.3159999847412	-1.3291696226130
3.3199999332428	-1.3371433842640
3.3239998817444	-1.3456579432950
3.3280000686646	-1.3546685012414
3.3320000171661	-1.3641199334368
3.3359999656677	-1.3739481077359
3.3399999141693	-1.3840868563812
3.3440001010895	-1.3944664394551
3.3480000495911	-1.4050117067265
3.3519999980927	-1.4156505168942
3.3559999465942	-1.4263103506016
3.3599998950958	-1.4369275939929
3.3640000820160	-1.4474425202625
3.3680000305176	-1.4578016290688
3.3719999790192	-1.4679666129327
3.3759999275208	-1.4779059278977
3.3800001144409	-1.4876034140589
3.3840000629425	-1.4970570226362
3.3880000114441	-1.5062786877130
3.3919999599457	-1.5152981124906
3.3959999084473	-1.5241548582420
3.4000000953674	-1.5329057902540
3.4040000438690	-1.5416230047984
3.4079999923706	-1.5503875324017
3.4119999408722	-1.5592928106549
3.4159998893738	-1.5684439919797
3.4200000762939	-1.5779506986153
3.4240000247955	-1.5879279352732
3.4279999732971	-1.5984970720345
3.4319999217987	-1.6097737881614
3.4360001087189	-1.6218794165849
3.4400000572205	-1.6349258198431
3.4440000057220	-1.6490236300730
3.4479999542236	-1.6642695463815
3.4519999027252	-1.6807558081061
3.4560000896454	-1.6985626979038
3.4600000381470	-1.7177530214616
3.4639999866486	-1.7383842376785
3.4679999351501	-1.7604921477665
3.4719998836517	-1.7841020548167
3.4760000705719	-1.8092246114920
3.4800000190735	-1.8358589612019
3.4839999675751	-1.8639862709977
3.4879999160767	-1.8935800687416
3.4920001029968	-1.9246037541761
3.4960000514984	-1.9570156652278
3.5000000000000	-1.9907655638240
3.5039999485016	-2.0258019651543
3.5079998970032	-2.0620763589328
3.5120000839233	-2.0995429650749
3.5160000324249	-2.1381611223629
3.5199999809265	-2.1779069833082
3.5239999294281	-2.2187690998784
3.5280001163483	-2.2607506599805
3.5320000648499	-2.3038807439941
3.5360000133514	-2.3482134578797
3.5399999618530	-2.3938280837395
3.5439999103546	-2.4408367545440
3.5480000972748	-2.4893815806378
3.5520000457764	-2.5396394823043
3.5559999942780	-2.5918246150818
3.5599999427795	-2.6461831880419
3.5639998912811	-2.7030021018043
3.5680000782013	-2.7626024801548
3.5720000267029	-2.8253373479580
3.5759999752045	-2.8915972362064
3.5799999237061	-2.9618060752653
3.5840001106262	-3.0364179044066
3.5880000591278	-3.1159150648503
3.5920000076294	-3.2008102015750
3.5959999561310	-3.2916426898823
3.5999999046326	-3.3889762289512
3.6040000915527	-3.4933986441790
3.6080000400543	-3.6055200681312
3.6119999885559	-3.7259765275718
3.6159999370575	-3.8554244475619
3.6199998855591	-3.9945460827020
3.6240000724792	-4.1440461891409
3.6280000209808	-4.3046586467495
3.6319999694824	-4.4771460970737
3.6359999179840	-4.6623014132556
3.6400001049042	-4.8609565587093
3.6440000534058	-5.0739816639222
3.6480000019073	-5.3022905346478
3.6519999504089	-5.5468483563585
3.6559998989105	-5.8086713878122
3.6600000858307	-6.0888410917942
3.6640000343323	-6.3884951163099
3.6679999828339	-6.7088368590491
3.6719999313354	-7.0511283274457
3.6760001182556	-7.4166862703803
3.6800000667572	-7.8068576565058
3.6840000152588	-8.2229886816333
3.6879999637604	-8.6663563830671
3.6919999122620	-9.1380807464966
3.6960000991821	-9.6389386812962
3.7000000476837	-10.169125835429
3.7039999961853	-10.727832687618
3.7079999446869	-11.312631128136
3.7119998931885	-11.918552863837
3.7160000801086	-12.536784685434
3.7200000286102	-13.152977052633
3.7239999771118	-13.745381462694
3.7279999256134	-14.283539243286
3.7320001125336	-14.729006098961
3.7360000610352	-15.040043095637
3.7400000095367	-15.181101024310
3.7439999580383	-15.134189886161
3.7479999065399	-14.905778669871
3.7520000934601	-14.524234531638
3.7560000419617	-14.029765814820
3.7599999904633	-13.463370861169
3.7639999389648	-12.859742317626
3.7679998874664	-12.244835052205
3.7720000743866	-11.636420644280
3.7760000228882	-11.045810983788
3.7799999713898	-10.479684078352
3.7839999198914	-9.9415860700561
3.7880001068115	-9.4330261119455
3.7920000553131	-8.9542407233835
3.7960000038147	-8.5046816461035
3.7999999523163	-8.0833490732159
3.8039999008179	-7.6890022145314
3.8080000877380	-7.3202749606912
3.8120000362396	-6.9757719721546
3.8159999847412	-6.6541010634531
3.8199999332428	-6.3539095048550
3.8239998817444	-6.0738922520282
3.8280000686646	-5.8128052014102
3.8320000171661	-5.5694623715205
3.8359999656677	-5.3427318289035
3.8399999141693	-5.1315394006934
3.8440001010895	-4.9348647607132
3.8480000495911	-4.7517293479440
3.8519999980927	-4.5812079033618
3.8559999465942	-4.4224100745096
3.8599998950958	-4.2744908249293
3.8640000820160	-4.1366403842417
3.8680000305176	-4.0080899059603
3.8719999790192	-3.8880994890287
3.8759999275208	-3.7759710709366
3.8800001144409	-3.6710436792312
3.8840000629425	-3.5726829523947
3.8880000114441	-3.4802990063776
3.8919999599457	-3.3933387306053
3.8959999084473	-3.3112832736432
3.9000000953674	-3.2336523301640
3.9040000438690	-3.1600093153199
3.9079999923706	-3.0899496491952
3.9119999408722	-3.0231141296308
3.9159998893738	-2.9591815281261
3.9200000762939	-2.8978667485703
3.9240000247955	-2.8389246231468
3.9279999732971	-2.7821466648172
3.9319999217987	-2.7273611865340
3.9360001087189	-2.6744233335440
3.9400000572205	-2.6232256110278
3.9440000057220	-2.5736835328324
3.9479999542236	-2.5257399264150
3.9519999027252	-2.4793562040791
3.9560000896454	-2.4345146318746
3.9600000381470	-2.3912105143489
3.9639999866486	-2.3494496107535
3.9679999351501	-2.3092473896169
3.9719998836517	-2.2706240119469
3.9760000705719	-2.2336024527881
3.9800000190735	-2.1982010994924
3.9839999675751	-2.1644364244188
3.9879999160767	-2.1323262542282
3.9920001029968	-2.1018686054006
3.9960000514984	-2.0730631600006
4.0000000000000	-2.0458952302276
4.0040001869202	-2.0203406246494
4.0079998970032	-1.9963642540073
4.0120000839233	-1.9739192829323
4.0159997940063	-1.9529490776750
4.0199999809265	-1.9333864059688
4.0240001678467	-1.9151559314608
4.0279998779297	-1.8981718896539
4.0320000648499	-1.8823441186074
4.0359997749329	-1.8675754426236
4.0399999618530	-1.8537644817227
4.0440001487732	-1.8408086949323
4.0479998588562	-1.8286059596022
4.0520000457764	-1.8170543881915
4.0560002326965	-1.8060552875309
4.0599999427795	-1.7955167473534
4.0640001296997	-1.7853507957628
4.0679998397827	-1.7754794263072
4.0720000267029	-1.7658328144400
4.0760002136230	-1.7563534284982
4.0799999237061	-1.7469915277535
4.0840001106262	-1.7377115309440
4.0879998207092	-1.7284892418663
4.0920000076294	-1.7193107520698
4.0960001945496	-1.7101768228202
4.0999999046326	-1.7010943014581
4.1040000915527	-1.6920847682584
4.1079998016357	-1.6831769751524
4.1119999885559	-1.6744066823101
4.1160001754761	-1.6658180123938
4.1199998855591	-1.6574596143169
4.1240000724792	-1.6493813146990
4.1279997825623	-1.6416366497743
4.1319999694824	-1.6342804887456
4.1360001564026	-1.6273629664635
4.1399998664856	-1.6209360814457
4.1440000534058	-1.6150440127294
4.1479997634888	-1.6097258701582
4.1519999504089	-1.6050182490647
4.1560001373291	-1.6009452031951
4.1599998474121	-1.5975260707632
4.1640000343323	-1.5947728028708
4.1680002212524	-1.5926865942996
4.1719999313354	-1.5912624376003
4.1760001182556	-1.5904855113550
4.1799998283386	-1.5903329547766
4.1840000152588	-1.5907771891385
4.1880002021790	-1.5917826181961
4.1919999122620	-1.5933079111972
4.1960000991821	-1.5953064836549
4.1999998092651	-1.5977328595677
4.2039999961853	-1.6005332008853
4.2080001831055	-1.6036605619330
4.2119998931885	-1.6070633869058
4.2160000801086	-1.6106929121879
4.2199997901917	-1.6145060417602
4.2239999771118	-1.6184613213253
4.2280001640320	-1.6225262041818
4.2319998741150	-1.6266718148492
4.2360000610352	-1.6308775751442
4.2399997711182	-1.6351325962593
4.2439999580383	-1.6394320736642
4.2480001449585	-1.6437803448537
4.2519998550415	-1.6481910468448
4.2560000419617	-1.6526864809053
4.2600002288818	-1.6572932323420
4.2639999389648	-1.6620522070212
4.2680001258850	-1.6670059689161
4.2719998359680	-1.6722014213552
4.2760000228882	-1.6776929645610
4.2800002098083	-1.6835381382747
4.2839999198914	-1.6897952425695
4.2880001068115	-1.6965257462511
4.2919998168945	-1.7037871387108
4.2960000038147	-1.7116394226579
4.3000001907349	-1.7201361376367
4.3039999008179	-1.7293313162452
4.3080000877380	-1.7392717672541
4.3119997978210	-1.7499968371414
4.3159999847412	-1.7615419117337
4.3200001716614	-1.7739391859508
4.3239998817444	-1.7872080806830
4.3280000686646	-1.8013633097713
4.3319997787476	-1.8164124228165
4.3359999656677	-1.8323601720281
4.3400001525879	-1.8491991323647
4.3439998626709	-1.8669199887858
4.3480000495911	-1.8855096506328
4.3520002365112	-1.9049481139992
4.3559999465942	-1.9252174301466
4.3600001335144	-1.9462950959690
4.3639998435974	-1.9681611914206
4.3680000305176	-1.9907969990213
4.3720002174377	-2.0141867452666
4.3759999275208	-2.0383204223241
4.3800001144409	-2.0631943082353
4.3839998245239	-2.0888124855022
4.3880000114441	-2.1151871681546
4.3920001983643	-2.1423425682867
4.3959999084473	-2.1703142592700
4.4000000953674	-2.1991483706950
4.4039998054504	-2.2289067274058
4.4079999923706	-2.2596630743488
4.4120001792908	-2.2915030087112
4.4159998893738	-2.3245311598025
4.4200000762939	-2.3588594709628
4.4239997863770	-2.3946170974668
4.4279999732971	-2.4319420752030
4.4320001602173	-2.4709884863068
4.4359998703003	-2.5119153991174
4.4400000572205	-2.5548939560272
4.4439997673035	-2.6001001859868
4.4479999542236	-2.6477220738461
4.4520001411438	-2.6979451682087
4.4559998512268	-2.7509609266438
4.4600000381470	-2.8069634703231
4.4640002250671	-2.8661453398454
4.4679999351501	-2.9286949412704
4.4720001220703	-2.9948002154867
4.4759998321533	-3.0646402199879
4.4800000190735	-3.1383898880917
4.4840002059937	-3.2162136987813
4.4879999160767	-3.2982657362308
4.4920001029968	-3.3846900414735
4.4959998130798	-3.4756132634406
4.5000000000000	-3.5711484316467
4.5040001869202	-3.6713933079532
4.5079998970032	-3.7764245492654
4.5120000839233	-3.8863014651645
4.5159997940063	-4.0010563049753
4.5199999809265	-4.1207004638576
4.5240001678467	-4.2452172875094
4.5279998779297	-4.3745636606587
4.5320000648499	-4.5086626794537
4.5359997749329	-4.6474065149157
4.5399999618530	-4.7906474534343
4.5440001487732	-4.9382060244159
4.5479998588562	-5.0898509212365
4.5520000457764	-5.2453126992898
4.5560002326965	-5.4042740010286
4.5599999427795	-5.5663619991218
4.5640001296997	-5.7311509418494
4.5679998397827	-5.8981557749955
4.5720000267029	-6.0668319357599
4.5760002136230	-6.2365723466438
4.5799999237061	-6.4067000063610
4.5840001106262	-6.5764752248775
4.5879998207092	-6.7450870934170
4.5920000076294	-6.9116626650990
4.5960001945496	-7.0752620442235
4.5999999046326	-7.2348861448644
4.6040000915527	-7.3894867575008
4.6079998016357	-7.5379699094466
4.6119999885559	-7.6792134753387
4.6160001754761	-7.8120800797899
4.6199998855591	-7.9354371653963
4.6240000724792	-8.0481745025836
4.6279997825623	-8.1492332618188
4.6319999694824	-8.2376244737274
4.6360001564026	-8.3124598024445
4.6399998664856	-8.3729709356353
4.6440000534058	-8.4185361420764
4.6479997634888	-8.4486956883393
4.6519999504089	-8.4631710689509
4.6560001373291	-8.4618652667479
4.6599998474121	-8.4448768253592
4.6640000343323	-8.4124861411290
4.6680002212524	-8.3651495401442
4.6719999313354	-8.3034849568679
4.6760001182556	-8.2282535563444
4.6799998283386	-8.1403319588762
4.6840000152588	-8.0406926190734
4.6880002021790	-7.9303764848964
4.6919999122620	-7.8104715199937
4.6960000991821	-7.6820895291281
4.6999998092651	-7.5463419498858
4.7039999961853	-7.4043290326003
4.7080001831055	-7.2571197575962
4.7119998931885	-7.1057406104660
4.7160000801086	-6.9511718092507
4.7199997901917	-6.7943324229855
4.7239999771118	-6.6360837941420
4.7280001640320	-6.4772228588809
4.7319998741150	-6.3184799789906
4.7360000610352	-6.1605210626903
4.7399997711182	-6.0039528589844
4.7439999580383	-5.8493143695932
4.7480001449585	-5.6970890796113
4.7519998550415	-5.5477032739923
4.7560000419617	-5.4015287900829
4.7600002288818	-5.2588877687641
4.7639999389648	-5.1200515137457
4.7680001258850	-4.9852501523431
4.7719998359680	-4.8546683441783
4.7760000228882	-4.7284564950704
4.7800002098083	-4.6067209875091
4.7839999198914	-4.4895393538143
4.7880001068115	-4.3769558744917
4.7919998168945	-4.2689854406121
4.7960000038147	-4.1656165005090
4.8000001907349	-4.0668093348130
4.8039999008179	-3.9725025432862
4.8080000877380	-3.8826137419680
4.8119997978210	-3.7970422769271
4.8159999847412	-3.7156675513866
4.8200001716614	-3.6383546337794
4.8239998817444	-3.5649519964101
4.8280000686646	-3.4953005009379
4.8319997787476	-3.4292260016764
4.8359999656677	-3.3665500460241
4.8400001525879	-3.3070853754392
4.8439998626709	-3.2506405903855
4.8480000495911	-3.1970231742663
4.8520002365112	-3.1460339493536
4.8559999465942	-3.0974830236423
4.8600001335144	-3.0511802236999
4.8639998435974	-3.0069374716414
4.8680000305176	-2.9645770162522
4.8720002174377	-2.9239300685014
4.8759999275208	-2.8848349033493
4.8800001144409	-2.8471409270379
4.8839998245239	-2.8107149764671
4.8880000114441	-2.7754320023494
4.8920001983643	-2.7411818026588
4.8959999084473	-2.7078744255397
4.9000000953674	-2.6754280796899
4.9039998054504	-2.6437792159877
4.9079999923706	-2.6128794553581
4.9120001792908	-2.5826932803042
4.9159998893738	-2.5531996103383
4.9200000762939	-2.5243885451932
4.9239997863770	-2.4962602921820
4.9279999732971	-2.4688265467420
4.9320001602173	-2.4421075015156
4.9359998703003	-2.4161263351298
4.9400000572205	-2.3909162239606
4.9439997673035	-2.3665078774984
4.9479999542236	-2.3429345147716
4.9520001411438	-2.3202329939279
4.9559998512268	-2.2984335692023
4.9600000381470	-2.2775652313576
4.9640002250671	-2.2576509640721
4.9679999351501	-2.2387087581193
4.9720001220703	-2.2207501604726
4.9759998321533	-2.2037775559042
4.9800000190735	-2.1877868341728
4.9840002059937	-2.1727642259295
4.9879999160767	-2.1586870284678
4.9920001029968	-2.1455250569010
4.9959998130798	-2.1332394700323
5.0000000000000	-2.1217828815456
5.0040001869202	-2.1111025169355
5.0079998970032	-2.1011366179810
5.0120000839233	-2.0918198607746
5.0159997940063	-2.0830824564281
5.0199999809265	-2.0748531436254
5.0240001678467	-2.0670566994142
5.0279998779297	-2.0596214744901
5.0320000648499	-2.0524727916157
5.0359997749329	-2.0455400299539
5.0399999618530	-2.0387590379298
5.0440001487732	-2.0320692022724
5.0479998588562	-2.0254168199598
5.0520000457764	-2.0187539529611
5.0560002326965	-2.0120443506662
5.0599999427795	-2.0052601672446
5.0640001296997	-1.9983762055020
5.0679998397827	-1.9913879025964
5.0720000267029	-1.9842939471479
5.0760002136230	-1.9771010411707
5.0799999237061	-1.9698287543686
5.0840001106262	-1.9625037120392
5.0879998207092	-1.9551577236281
5.0920000076294	-1.9478318796786
5.0960001945496	-1.9405687027889
5.0999999046326	-1.9334195089668
5.1040000915527	-1.9264316123754
5.1079998016357	-1.9196607064530
5.1119999885559	-1.9131567154773
5.1160001754761	-1.9069685089571
5.1199998855591	-1.9011454323734
5.1240000724792	-1.8957269986704
5.1279997825623	-1.8907524777201
5.1319999694824	-1.8862521802951
5.1360001564026	-1.8822496982481
5.1399998664856	-1.8787586604626
5.1440000534058	-1.8757897580564
5.1479997634888	-1.8733381580609
5.1519999504089	-1.8713965633415
5.1560001373291	-1.8699446823254
5.1599998474121	-1.8689555743321
5.1640000343323	-1.8683949002086
5.1680002212524	-1.8682227472969
5.1719999313354	-1.8683910746380
5.1760001182556	-1.8688449722547
5.1799998283386	-1.8695326998585
5.1840000152588	-1.8703907160978
5.1880002021790	-1.8713618428863
5.1919999122620	-1.8723855098482
5.1960000991821	-1.8734008141115
5.1999998092651	-1.8743550916607
5.2039999961853	-1.8751961068420
5.2080001831055	-1.8758773098960
5.2119998931885	-1.8763608880460
5.2160000801086	-1.8766130252757
5.2199997901917	-1.8766125137508
5.2239999771118	-1.8763418701510
5.2280001640320	-1.8757984784293
5.2319998741150	-1.8749838416223
5.2360000610352	-1.8739125766649
5.2399997711182	-1.8726044302042
5.2439999580383	-1.8710914752926
5.2480001449585	-1.8694093249154
5.2519998550415	-1.8676027608754
5.2560000419617	-1.8657207516334
5.2600002288818	-1.8638182614770
5.2639999389648	-1.8619474680915
5.2680001258850	-1.8601695844403
5.2719998359680	-1.8585413364251
5.2760000228882	-1.8571181602187
5.2800002098083	-1.8559540765548
5.2839999198914	-1.8550967181502
5.2880001068115	-1.8545909161014
5.2919998168945	-1.8544730038375
5.2960000038147	-1.8547731037496
5.3000001907349	-1.8555122847812
5.3039999008179	-1.8567043829756
5.3080000877380	-1.8583521355014
5.3119997978210	-1.8604516924962
5.3159999847412	-1.8629856133792
5.3200001716614	-1.8659328344963
5.3239998817444	-1.8692595822153
5.3280000686646	-1.8729270357813
5.3319997787476	-1.8768889648544
5.3359999656677	-1.8810915697530
5.3400001525879	-1.8854787154320
5.3439998626709	-1.8899901339936
5.3480000495911	-1.8945638915929
5.3520002365112	-1.8991360556019
5.3559999465942	-1.9036468176364
5.3600001335144	-1.9080376274927
5.3639998435974	-1.9122528495266
5.3680000305176	-1.9162457735554
5.3720002174377	-1.9199731295508
5.3759999275208	-1.9233991070761
5.3800001144409	-1.9265001442507
5.3839998245239	-1.9292611137378
5.3880000114441	-1.9316740775363
5.3920001983643	-1.9337452233308
5.3959999084473	-1.9354872082914
5.4000000953674	-1.9369248970282
5.4039998054504	-1.9380919950235
5.4079999923706	-1.9390302911105
5.4120001792908	-1.9397892711183
5.4159998893738	-1.9404243232319
5.4200000762939	-1.9409956506715
5.4239997863770	-1.9415676808184
5.4279999732971	-1.9422069762224
5.4320001602173	-1.9429792169317
5.4359998703003	-1.9439485405365
5.4400000572205	-1.9451791030776
5.4439997673035	-1.9467274099924
5.4479999542236	-1.9486453511006
5.4520001411438	-1.9509791990174
5.4559998512268	-1.9537650699304
5.4600000381470	-1.9570295977223
5.4640002250671	-1.9607935209239
5.4679999351501	-1.9650636095433
5.4720001220703	-1.9698354657367
5.4759998321533	-1.9750991476398
5.4800000190735	-1.9808280277017
5.4840002059937	-1.9869912372019
5.4879999160767	-1.9935463590298
5.4920001029968	-2.0004413291197
5.4959998130798	-2.0076200010304
5.5000000000000	-2.0150177301838
5.5040001869202	-2.0225684358328
5.5079998970032	-2.0302024338685
5.5120000839233	-2.0378483502389
5.5159997940063	-2.0454357568226
5.5199999809265	-2.0528974713943
5.5240001678467	-2.0601713946006
5.5279998779297	-2.0671994823180
5.5320000648499	-2.0739323677473
5.5359997749329	-2.0803300517289
5.5399999618530	-2.0863608831756
5.5440001487732	-2.0920072535840
5.5479998588562	-2.0972592434564
5.5520000457764	-2.1021207987115
5.5560002326965	-2.1066071595966
5.5599999427795	-2.1107470575031
5.5640001296997	-2.1145792273782
5.5679998397827	-2.1181504307465
5.5720000267029	-2.1215205985680
5.5760002136230	-2.1247550127707
5.5799999237061	-2.1279255840650
5.5840001106262	-2.1311103007598
5.5879998207092	-2.1343871243272
5.5920000076294	-2.1378392383655
5.5960001945496	-2.1415447872239
5.5999999046326	-2.1455827992621
5.6040000915527	-2.1500251911704
5.6079998016357	-2.1549376508346
5.6119999885559	-2.1603821477258
5.6160001754761	-2.1664049571576
5.6199998855591	-2.1730488754854
5.6240000724792	-2.1803386064172
5.6279997825623	-2.1882933885340
5.6319999694824	-2.1969162888394
5.6360001564026	-2.2062000405033
5.6399998664856	-2.2161236785807
5.6440000534058	-2.2266515588025
5.6479997634888	-2.2377442992022
5.6519999504089	-2.2493464699694
5.6560001373291	-2.2613940543995
5.6599998474121	-2.2738201682702
5.6640000343323	-2.2865452223079
5.6680002212524	-2.2994920877161
5.6719999313354	-2.3125753408316
5.6760001182556	-2.3257196677190
5.6799998283386	-2.3388392554479
5.6840000152588	-2.3518635596645
5.6880002021790	-2.3647245783835
5.6919999122620	-2.3773579570856
5.6960000991821	-2.3897191470924
5.6999998092651	-2.4017643963274
5.7039999961853	-2.4134726334456
5.7080001831055	-2.4248304117842
5.7119998931885	-2.4358410555958
5.7160000801086	-2.4465200242505
5.7199997901917	-2.4569026032529
5.7239999771118	-2.4670303585668
5.7280001640320	-2.4769675397347
5.7319998741150	-2.4867839947579
5.7360000610352	-2.4965616979959
5.7399997711182	-2.5063925547062
5.7439999580383	-2.5163752381105
5.7480001449585	-2.5266158333559
5.7519998550415	-2.5372174841256
5.7560000419617	-2.5482909638251
5.7600002288818	-2.5599407848847
5.7639999389648	-2.5722690055949
5.7680001258850	-2.5853756112777
5.7719998359680	-2.5993458838786
5.7760000228882	-2.6142613232834
5.7800002098083	-2.6301920971122
5.7839999198914	-2.6471919707599
5.7880001068115	-2.6653069012203
5.7919998168945	-2.6845644795755
5.7960000038147	-2.7049819720531
5.8000001907349	-2.7265579264921
5.8039999008179	-2.7492817142405
5.8080000877380	-2.7731226423764
5.8119997978210	-2.7980468105191
5.8159999847412	-2.8239991795179
5.8200001716614	-2.8509223986821
5.8239998817444	-2.8787452738993
5.8280000686646	-2.9073956511794
5.8319997787476	-2.9367952037124
5.8359999656677	-2.9668629379386
5.8400001525879	-2.9975228705343
5.8439998626709	-3.0286990459986
5.8480000495911	-3.0603221461013
5.8520002365112	-3.0923326101356
5.8559999465942	-3.1246819486379
5.8600001335144	-3.1573352580412
5.8639998435974	-3.1902697702529
5.8680000305176	-3.2234830526377
5.8720002174377	-3.2569869931917
5.8759999275208	-3.2908164277794
5.8800001144409	-3.3250228927249
5.8839998245239	-3.3596740473075
5.8880000114441	-3.3948662207187
5.8920001983643	-3.4307028699916
5.8959999084473	-3.4673111373978
5.9000000953674	-3.5048347686510
5.9039998054504	-3.5434274499683
5.9079999923706	-3.5832584485090
5.9120001792908	-3.6245074177131
5.9159998893738	-3.6673578884616
5.9200000762939	-3.7120035873719
5.9239997863770	-3.7586400297419
5.9279999732971	-3.8074635090062
5.9320001602173	-3.8586712789903
5.9359998703003	-3.9124522175919
5.9400000572205	-3.9689961885943
5.9439997673035	-4.0284883616383
5.9479999542236	-4.0910983965895
5.9520001411438	-4.1569955671684
5.9559998512268	-4.2263394930196
5.9600000381470	-4.2992728939739
5.9640002250671	-4.3759392373040
5.9679999351501	-4.4564679964083
5.9720001220703	-4.5409779565379
5.9759998321533	-4.6295893664152
5.9800000190735	-4.7224036052708
5.9840002059937	-4.8195289693284
5.9879999160767	-4.9210650388462
5.9920001029968	-5.0271143819802
5.9959998130798	-5.1377760465785
6.0000000000000	-5.2531585831771
